2 40

+1000
1
+70
+750
2
+68
+370
3
+70
+170
4
+53
+220
5
+60
+350
6
+80
+620
7
+70
+450
8
+70
+900
9
+50
+500
10
+2
+100
11
+43
+850
12
+65
+1100
13
+35
+80
14
+42
+200
15
+37
+450
16
+40
+300
17
+35
+450
18
+8
+200
19
+23
+470
20
+5
+350
21
+77
+350
22
+87
+1350
23
+43
+400
24
+53
+650
25
+38
+420
26
+40
+700
27
+58
+320
28
+30
+220
29
+90
+1900
30
+77
+1350
31
+85
+1450
32
+70
+270
33
+100
+480
34
+62
+290
35
+68
+240
36
+18
+100
37
+77
+430
38
+5
+150
39
+45
+2340
40
+87
+550

+1000
1
+28
+250
2
+15
+200
3
+15
+230
4
+7
+100
5
+33
+150
6
+30
+320
7
+37
+180
8
+37
+250
9
+40
+150
10
+1
+50
11
+28
+150
12
+35
+150
13
+35
+150
14
+30
+150
15
+23
+200
16
+33
+80
17
+15
+100
18
+5
+50
19
+17
+200
20
+3
+700
21
+23
+400
22
+22
+80
23
+10
+170
24
+22
+250
25
+28
+160
26
+42
+330
27
+22
+150
28
+8
+120
29
+28
+150
30
+15
+250
31
+32
+230
32
+25
+100
33
+22
+80
34
+22
+100
35
+22
+80
36
+2
+100
37
+25
+100
38
+3
+50
39
+10
+140
40
+25
+250
