347
30861.0 30435.0
30841.0 30461.0
30798.0 30519.0
30805.0 30510.0
31113.0 30035.0
30863.0 30430.0
30774.0 30549.0
30817.0 30493.0
31039.0 30160.0
30824.0 30485.0
30874.0 30417.0
30849.0 30455.0
30886.0 30395.0
30826.0 30482.0
30781.0 30538.0
30864.0 30422.0
30744.0 30597.0
30865.0 30420.0
30858.0 30437.0
30754.0 30581.0
30745.0 30593.0
30751.0 30591.0
30787.0 30529.0
30766.0 30558.0
30759.0 30577.0
30762.0 30566.0
30771.0 30556.0
31042.0 30155.0
30782.0 30531.0
30788.0 30527.0
30965.0 30290.0
31046.0 30150.0
30952.0 30306.0
30955.0 30304.0
30945.0 30326.0
30975.0 30271.0
30948.0 30320.0
30962.0 30294.0
30930.0 30338.0
30920.0 30353.0
31047.0 30146.0
31038.0 30162.0
30909.0 30364.0
31035.0 30175.0
30938.0 30327.0
31016.0 30207.0
30896.0 30380.0
30889.0 30386.0
30913.0 30357.0
30937.0 30335.0
30922.0 30351.0
31041.0 30157.0
30915.0 30355.0
30982.0 30258.0
30995.0 30239.0
31056.0 30138.0
31037.0 30165.0
30959.0 30299.0
31050.0 30145.0
31044.0 30154.0
30987.0 30252.0
30949.0 30313.0
30991.0 30246.0
30983.0 30257.0
31053.0 30141.0
31031.0 30183.0
31070.0 30110.0
31023.0 30190.0
30898.0 30377.0
30775.0 30545.0
30998.0 30235.0
30990.0 30250.0
30974.0 30280.0
30884.0 30399.0
31103.0 30066.0
30980.0 30265.0
30970.0 30282.0
31095.0 30077.0
31077.0 30109.0
31090.0 30087.0
30282.0 30932.0
30914.0 30356.0
31091.0 30083.0
31083.0 30091.0
31101.0 30072.0
31063.0 30121.0
31014.0 30210.0
31110.0 30045.0
31003.0 30225.0
30977.0 30269.0
30950.0 30310.0
31060.0 30127.0
31007.0 30221.0
30986.0 30253.0
30978.0 30268.0
30924.0 30342.0
31001.0 30228.0
31012.0 30213.0
30926.0 30341.0
30892.0 30384.0
31020.0 30197.0
30869.0 30418.0
30999.0 30231.0
30857.0 30446.0
30992.0 30244.0
30836.0 30472.0
30793.0 30524.0
30780.0 30541.0
30810.0 30503.0
31082.0 30095.0
30830.0 30479.0
30819.0 30487.0
30777.0 30544.0
30843.0 30457.0
31025.0 30186.0
31081.0 30101.0
31069.0 30119.0
31057.0 30131.0
30813.0 30502.0
30907.0 30372.0
30881.0 30406.0
30725.0 30612.0
31106.0 30051.0
31009.0 30216.0
31124.0 29994.0
31125.0 29993.0
31115.0 30006.0
31117.0 30004.0
31119.0 29995.0
31114.0 30020.0
31111.0 30044.0
31118.0 30001.0
31153.0 29846.0
31145.0 29880.0
31147.0 29873.0
31146.0 29876.0
31148.0 29868.0
30272.0 30937.0
30273.0 30936.0
31169.0 29730.0
31159.0 29761.0
31154.0 29786.0
31161.0 29757.0
31158.0 29772.0
31170.0 29717.0
31165.0 29749.0
31162.0 29755.0
31155.0 29775.0
31156.0 29773.0
31167.0 29734.0
31197.0 29558.0
31185.0 29616.0
31200.0 29506.0
31188.0 29614.0
30231.0 30947.0
30284.0 30930.0
30277.0 30933.0
30233.0 30946.0
30286.0 30928.0
30302.0 30921.0
30303.0 30919.0
30304.0 30918.0
30341.0 30900.0
31183.0 29626.0
31190.0 29589.0
31196.0 29572.0
31178.0 29650.0
31181.0 29636.0
31191.0 29578.0
31179.0 29642.0
31177.0 29661.0
29740.0 31045.0
29672.0 31052.0
31174.0 29688.0
29657.0 31053.0
29748.0 31044.0
31175.0 29676.0
31182.0 29633.0
29646.0 31054.0
29641.0 31055.0
31171.0 29689.0
30544.0 30763.0
29785.0 31038.0
29770.0 31039.0
29756.0 31043.0
29937.0 31019.0
29911.0 31026.0
29931.0 31021.0
29940.0 31016.0
29942.0 31014.0
29965.0 31008.0
29920.0 31023.0
29913.0 31025.0
29948.0 31011.0
29955.0 31010.0
30174.0 30961.0
30276.0 30934.0
30260.0 30940.0
30243.0 30944.0
30161.0 30968.0
30169.0 30965.0
30254.0 30941.0
30250.0 30943.0
30215.0 30951.0
30176.0 30959.0
29534.0 31076.0
29600.0 31072.0
30221.0 30949.0
30205.0 30955.0
30196.0 30957.0
30187.0 30958.0
30229.0 30948.0
29566.0 31073.0
29815.0 31036.0
29865.0 31032.0
29925.0 31022.0
29905.0 31028.0
30020.0 31001.0
30061.0 30991.0
30004.0 31005.0
30052.0 30996.0
30018.0 31003.0
30029.0 30998.0
30059.0 30993.0
30067.0 30990.0
30068.0 30989.0
29837.0 31034.0
30069.0 30987.0
30104.0 30981.0
29874.0 31029.0
30131.0 30975.0
30113.0 30980.0
30136.0 30971.0
30101.0 30984.0
30023.0 31000.0
30121.0 30976.0
30075.0 30985.0
30698.0 30634.0
30578.0 30713.0
30630.0 30679.0
30353.0 30886.0
30554.0 30742.0
30562.0 30734.0
30361.0 30880.0
30622.0 30688.0
30389.0 30853.0
30384.0 30857.0
30391.0 30852.0
30410.0 30846.0
30358.0 30881.0
30488.0 30802.0
30569.0 30725.0
30475.0 30807.0
30416.0 30839.0
30598.0 30704.0
30381.0 30861.0
30528.0 30774.0
30467.0 30816.0
30565.0 30727.0
30545.0 30758.0
30471.0 30812.0
30532.0 30772.0
30513.0 30787.0
30500.0 30793.0
30563.0 30729.0
30560.0 30736.0
30472.0 30810.0
30576.0 30717.0
30506.0 30788.0
30502.0 30790.0
30567.0 30726.0
30571.0 30724.0
30457.0 30823.0
30534.0 30765.0
30549.0 30751.0
30432.0 30833.0
30501.0 30792.0
30458.0 30822.0
30518.0 30776.0
30564.0 30728.0
30516.0 30779.0
30481.0 30803.0
30514.0 30781.0
30448.0 30825.0
30587.0 30710.0
30312.0 30916.0
30294.0 30927.0
30313.0 30914.0
30321.0 30910.0
30322.0 30908.0
30334.0 30903.0
30335.0 30901.0
30328.0 30907.0
30372.0 30868.0
30499.0 30794.0
30424.0 30837.0
30383.0 30858.0
30369.0 30873.0
30403.0 30850.0
30378.0 30867.0
30365.0 30875.0
30557.0 30737.0
30344.0 30890.0
30550.0 30746.0
30611.0 30694.0
30345.0 30889.0
30684.0 30650.0
30685.0 30647.0
30694.0 30639.0
30670.0 30657.0
30691.0 30643.0
30653.0 30665.0
30642.0 30673.0
30656.0 30664.0
30651.0 30671.0
30663.0 30658.0
30662.0 30659.0
30708.0 30623.0
30703.0 30631.0
30674.0 30653.0
30619.0 30689.0
30573.0 30718.0
30628.0 30684.0
30711.0 30621.0
30701.0 30632.0
30633.0 30675.0
30700.0 30633.0
30297.0 30922.0
30652.0 30666.0
30605.0 30696.0
30739.0 30601.0
30728.0 30609.0
30723.0 30616.0
30738.0 30606.0
30712.0 30618.0
30268.0 30938.0
31152.0 29864.0
31141.0 29906.0
31137.0 29923.0
31143.0 29899.0
31144.0 29892.0
31127.0 29980.0
31129.0 29975.0
31131.0 29973.0
31132.0 29953.0
31142.0 29904.0
29676.0 31046.0
