314
31080.0 30303.0
31043.0 30376.0
31026.0 30401.0
31077.0 30307.0
31006.0 30427.0
31024.0 30409.0
31029.0 30400.0
31042.0 30378.0
31054.0 30359.0
31039.0 30382.0
31033.0 30387.0
31030.0 30396.0
31036.0 30383.0
31047.0 30374.0
31007.0 30424.0
31031.0 30394.0
31001.0 30439.0
31018.0 30416.0
30994.0 30441.0
31021.0 30412.0
31015.0 30419.0
31014.0 30421.0
30985.0 30451.0
31065.0 30326.0
31008.0 30422.0
31003.0 30429.0
30979.0 30456.0
30986.0 30446.0
30974.0 30463.0
30990.0 30445.0
31223.0 29738.0
31230.0 29649.0
31218.0 29758.0
31215.0 29759.0
31225.0 29668.0
29893.0 31076.0
29887.0 31078.0
29875.0 31079.0
29888.0 31077.0
29836.0 31086.0
29898.0 31075.0
29948.0 31066.0
29966.0 31065.0
29916.0 31072.0
29862.0 31081.0
29982.0 31063.0
29913.0 31073.0
30003.0 31055.0
30013.0 31054.0
30016.0 31050.0
29925.0 31071.0
29928.0 31070.0
29994.0 31060.0
31085.0 30285.0
31064.0 30342.0
31072.0 30310.0
31074.0 30308.0
31055.0 30347.0
31088.0 30274.0
30981.0 30452.0
30930.0 30507.0
30953.0 30484.0
30919.0 30522.0
30938.0 30496.0
30916.0 30525.0
30920.0 30518.0
30910.0 30538.0
30924.0 30512.0
31081.0 30299.0
31071.0 30324.0
30923.0 30515.0
31025.0 30404.0
30927.0 30508.0
31002.0 30437.0
30645.0 30770.0
30582.0 30813.0
30566.0 30823.0
30644.0 30771.0
30577.0 30816.0
30641.0 30772.0
30601.0 30807.0
30595.0 30809.0
30626.0 30786.0
30612.0 30801.0
30617.0 30796.0
30602.0 30803.0
31104.0 30222.0
30512.0 30859.0
30498.0 30863.0
30488.0 30867.0
30501.0 30861.0
30530.0 30842.0
30525.0 30852.0
30556.0 30831.0
30513.0 30856.0
30549.0 30839.0
30536.0 30840.0
30489.0 30865.0
30514.0 30854.0
30575.0 30822.0
30562.0 30826.0
30561.0 30828.0
30526.0 30843.0
30534.0 30841.0
31149.0 30082.0
30090.0 31036.0
31103.0 30227.0
31112.0 30182.0
30045.0 31047.0
31116.0 30181.0
31122.0 30154.0
31121.0 30166.0
30058.0 31043.0
31107.0 30220.0
31110.0 30197.0
31142.0 30104.0
31139.0 30115.0
31150.0 30076.0
31189.0 29932.0
31134.0 30122.0
31190.0 29930.0
31192.0 29928.0
31173.0 30012.0
31184.0 29962.0
31183.0 29976.0
31178.0 29986.0
31171.0 30021.0
31187.0 29960.0
31177.0 29994.0
31165.0 30053.0
31155.0 30066.0
31154.0 30073.0
31172.0 30020.0
31169.0 30033.0
31174.0 30010.0
31175.0 29998.0
31156.0 30055.0
31083.0 30288.0
31207.0 29819.0
31203.0 29838.0
31205.0 29833.0
31214.0 29778.0
31213.0 29812.0
31201.0 29850.0
31209.0 29815.0
30028.0 31049.0
31124.0 30145.0
30243.0 30992.0
30177.0 31014.0
30271.0 30983.0
30216.0 31004.0
30262.0 30988.0
30126.0 31029.0
30237.0 30997.0
30234.0 31000.0
30116.0 31035.0
30088.0 31037.0
30160.0 31021.0
30159.0 31024.0
30208.0 31010.0
30213.0 31007.0
30201.0 31013.0
30118.0 31030.0
30282.0 30980.0
30309.0 30961.0
30241.0 30994.0
30079.0 31041.0
30049.0 31046.0
30258.0 30991.0
30295.0 30970.0
30163.0 31019.0
30052.0 31044.0
30313.0 30960.0
30284.0 30979.0
30314.0 30959.0
30297.0 30965.0
30317.0 30956.0
30330.0 30951.0
30301.0 30963.0
30224.0 31001.0
31125.0 30140.0
30963.0 30475.0
30324.0 30955.0
30966.0 30467.0
30942.0 30493.0
30149.0 31026.0
30343.0 30943.0
30965.0 30473.0
30144.0 31028.0
30308.0 30962.0
30340.0 30947.0
30372.0 30928.0
30176.0 31018.0
30353.0 30940.0
30298.0 30964.0
31132.0 30130.0
30883.0 30557.0
30881.0 30563.0
30882.0 30559.0
30841.0 30611.0
30856.0 30591.0
30829.0 30623.0
30835.0 30615.0
30828.0 30624.0
30846.0 30608.0
30861.0 30586.0
30834.0 30621.0
30850.0 30602.0
30851.0 30599.0
30821.0 30637.0
30782.0 30675.0
30808.0 30644.0
30809.0 30642.0
30802.0 30655.0
30751.0 30692.0
30788.0 30658.0
30791.0 30657.0
30852.0 30598.0
30823.0 30626.0
30765.0 30680.0
30786.0 30662.0
30753.0 30688.0
31092.0 30269.0
31097.0 30246.0
30958.0 30477.0
30395.0 30911.0
30406.0 30910.0
30379.0 30922.0
30367.0 30931.0
30380.0 30920.0
30344.0 30942.0
30373.0 30924.0
30389.0 30917.0
30358.0 30934.0
30484.0 30869.0
30766.0 30678.0
31188.0 29940.0
31194.0 29894.0
29943.0 31069.0
30709.0 30734.0
30714.0 30727.0
30738.0 30705.0
30745.0 30694.0
30658.0 30764.0
30702.0 30739.0
30681.0 30750.0
30453.0 30895.0
30422.0 30903.0
30465.0 30881.0
30415.0 30904.0
30409.0 30905.0
30479.0 30871.0
30430.0 30899.0
30464.0 30888.0
30393.0 30916.0
30381.0 30919.0
30472.0 30875.0
30426.0 30900.0
30470.0 30877.0
31048.0 30363.0
30867.0 30580.0
30892.0 30554.0
30871.0 30576.0
30873.0 30570.0
30860.0 30589.0
30869.0 30579.0
30864.0 30581.0
30900.0 30542.0
30912.0 30530.0
30878.0 30564.0
30872.0 30574.0
30876.0 30568.0
30899.0 30546.0
30894.0 30552.0
30949.0 30488.0
30970.0 30465.0
30936.0 30505.0
30954.0 30480.0
31196.0 29874.0
31197.0 29871.0
31195.0 29883.0
31199.0 29867.0
31193.0 29899.0
30804.0 30646.0
30653.0 30765.0
30660.0 30760.0
30674.0 30752.0
30667.0 30759.0
30696.0 30742.0
30621.0 30791.0
30684.0 30743.0
30634.0 30783.0
30638.0 30777.0
30668.0 30756.0
30648.0 30767.0
30764.0 30681.0
30756.0 30683.0
30727.0 30715.0
30741.0 30700.0
30731.0 30708.0
30716.0 30717.0
30719.0 30716.0
31095.0 30268.0
31098.0 30230.0
31082.0 30293.0
31056.0 30343.0
31049.0 30360.0
29944.0 31067.0
30059.0 31042.0
31179.0 29980.0
31146.0 30099.0
31129.0 30137.0
30623.0 30789.0
31204.0 29834.0
