339
30723.0 30895.0
30959.0 30670.0
30968.0 30655.0
30978.0 30642.0
30962.0 30665.0
30963.0 30662.0
31013.0 30590.0
30946.0 30682.0
30981.0 30641.0
30953.0 30673.0
31003.0 30611.0
30967.0 30660.0
30952.0 30674.0
30988.0 30638.0
31040.0 30555.0
31054.0 30512.0
31045.0 30548.0
31023.0 30583.0
31047.0 30540.0
30990.0 30631.0
31059.0 30507.0
31070.0 30467.0
31081.0 30417.0
31076.0 30449.0
31080.0 30422.0
31048.0 30537.0
31060.0 30502.0
31055.0 30510.0
31033.0 30560.0
31084.0 30415.0
31029.0 30568.0
30976.0 30646.0
31025.0 30574.0
31053.0 30526.0
31049.0 30534.0
31061.0 30501.0
31069.0 30483.0
31067.0 30493.0
29807.0 31303.0
29815.0 31302.0
29793.0 31307.0
29803.0 31306.0
29837.0 31300.0
29866.0 31299.0
29874.0 31294.0
31244.0 29746.0
30849.0 30789.0
30838.0 30794.0
30830.0 30811.0
30951.0 30678.0
30843.0 30792.0
30827.0 30812.0
30820.0 30817.0
30761.0 30869.0
30818.0 30819.0
30903.0 30731.0
30799.0 30842.0
30853.0 30779.0
30732.0 30889.0
30840.0 30793.0
30835.0 30802.0
30858.0 30777.0
30779.0 30855.0
30822.0 30814.0
30867.0 30769.0
30807.0 30836.0
30814.0 30820.0
30731.0 30891.0
30789.0 30851.0
30790.0 30844.0
30808.0 30828.0
30871.0 30767.0
30773.0 30858.0
30812.0 30826.0
30832.0 30805.0
30730.0 30893.0
30803.0 30839.0
30793.0 30843.0
30880.0 30753.0
30768.0 30862.0
30860.0 30771.0
30851.0 30782.0
30924.0 30717.0
30909.0 30725.0
30906.0 30729.0
30810.0 30827.0
30902.0 30735.0
30897.0 30738.0
30934.0 30705.0
30942.0 30689.0
30894.0 30739.0
30916.0 30723.0
30940.0 30699.0
30935.0 30700.0
30888.0 30752.0
30877.0 30758.0
30666.0 30951.0
30890.0 30746.0
30684.0 30933.0
30637.0 30974.0
30873.0 30760.0
30639.0 30972.0
30661.0 30960.0
30643.0 30968.0
30657.0 30967.0
30665.0 30955.0
30694.0 30922.0
30861.0 30770.0
30891.0 30743.0
30612.0 30990.0
30616.0 30985.0
30693.0 30927.0
30679.0 30944.0
30586.0 31000.0
30608.0 30991.0
30553.0 31021.0
30634.0 30975.0
30711.0 30910.0
30700.0 30917.0
30628.0 30982.0
30720.0 30901.0
30702.0 30914.0
30689.0 30931.0
30566.0 31012.0
30669.0 30950.0
30617.0 30983.0
30699.0 30918.0
30589.0 30999.0
30045.0 31261.0
30080.0 31256.0
30142.0 31242.0
30022.0 31262.0
30121.0 31253.0
30012.0 31267.0
30095.0 31255.0
30052.0 31260.0
30138.0 31244.0
30185.0 31230.0
30188.0 31223.0
30159.0 31236.0
30202.0 31218.0
30158.0 31240.0
30198.0 31220.0
30019.0 31264.0
31192.0 30150.0
31200.0 30136.0
30756.0 30875.0
30748.0 30884.0
31194.0 30140.0
31183.0 30165.0
30712.0 30907.0
30771.0 30860.0
30846.0 30791.0
31204.0 30105.0
30813.0 30821.0
31193.0 30142.0
30836.0 30798.0
30739.0 30885.0
30765.0 30865.0
30758.0 30871.0
30671.0 30945.0
30735.0 30888.0
30306.0 31173.0
30352.0 31145.0
30315.0 31170.0
31253.0 29625.0
31248.0 29678.0
31247.0 29705.0
30969.0 30650.0
30974.0 30647.0
30574.0 31008.0
30305.0 31176.0
30325.0 31169.0
30290.0 31185.0
30327.0 31161.0
30397.0 31126.0
30564.0 31014.0
30533.0 31034.0
30382.0 31137.0
30430.0 31106.0
30369.0 31142.0
30398.0 31121.0
30296.0 31183.0
30420.0 31108.0
30343.0 31153.0
30417.0 31114.0
30334.0 31160.0
30345.0 31151.0
30424.0 31107.0
31016.0 30589.0
30578.0 31004.0
31000.0 30618.0
30575.0 31006.0
31011.0 30601.0
31004.0 30606.0
30593.0 30997.0
30993.0 30622.0
31249.0 29664.0
31251.0 29653.0
31250.0 29662.0
31243.0 29768.0
30339.0 31158.0
30371.0 31138.0
30405.0 31118.0
30362.0 31144.0
29829.0 31301.0
31252.0 29645.0
30221.0 31214.0
30245.0 31207.0
30191.0 31221.0
30203.0 31217.0
30238.0 31212.0
30280.0 31191.0
30266.0 31197.0
30298.0 31182.0
30268.0 31193.0
30258.0 31200.0
30326.0 31164.0
30250.0 31203.0
30263.0 31199.0
31241.0 29821.0
31245.0 29719.0
29928.0 31288.0
29910.0 31292.0
29913.0 31291.0
29895.0 31293.0
29972.0 31276.0
29914.0 31289.0
29955.0 31282.0
29956.0 31281.0
29954.0 31284.0
29964.0 31278.0
29978.0 31272.0
29999.0 31271.0
29977.0 31273.0
31152.0 30251.0
31093.0 30389.0
31088.0 30400.0
31096.0 30373.0
31166.0 30208.0
31171.0 30191.0
31169.0 30194.0
31090.0 30393.0
31175.0 30190.0
31101.0 30368.0
31149.0 30260.0
31131.0 30305.0
31087.0 30401.0
31159.0 30234.0
31157.0 30235.0
31150.0 30258.0
31156.0 30242.0
31163.0 30224.0
31170.0 30193.0
31137.0 30295.0
31128.0 30307.0
31114.0 30339.0
31155.0 30247.0
31144.0 30267.0
31143.0 30270.0
31162.0 30232.0
31146.0 30263.0
31165.0 30211.0
31140.0 30282.0
31185.0 30164.0
31168.0 30202.0
31227.0 30034.0
31223.0 30050.0
31232.0 30005.0
31229.0 30022.0
31225.0 30042.0
31222.0 30053.0
31214.0 30069.0
31209.0 30092.0
31210.0 30083.0
31218.0 30065.0
31237.0 29929.0
31236.0 29941.0
31213.0 30076.0
31220.0 30063.0
31234.0 29999.0
31206.0 30097.0
30572.0 31010.0
31186.0 30161.0
31179.0 30174.0
30505.0 31056.0
30501.0 31061.0
30518.0 31046.0
30457.0 31087.0
30516.0 31050.0
30532.0 31035.0
30506.0 31055.0
30527.0 31044.0
30681.0 30935.0
30706.0 30913.0
30530.0 31037.0
31177.0 30187.0
30539.0 31032.0
30351.0 31149.0
30762.0 30867.0
30752.0 30876.0
31117.0 30338.0
31127.0 30323.0
31126.0 30326.0
31103.0 30365.0
31094.0 30385.0
31107.0 30356.0
31095.0 30376.0
31111.0 30350.0
30440.0 31099.0
30487.0 31074.0
30494.0 31070.0
30510.0 31051.0
30479.0 31079.0
30442.0 31096.0
30463.0 31083.0
30454.0 31092.0
30507.0 31052.0
30459.0 31085.0
30503.0 31057.0
30488.0 31072.0
30386.0 31128.0
30415.0 31115.0
30471.0 31081.0
30401.0 31119.0
30418.0 31111.0
30434.0 31102.0
30436.0 31101.0
30443.0 31094.0
31239.0 29880.0
30496.0 31062.0
30521.0 31045.0
30460.0 31084.0
30562.0 31015.0
30559.0 31019.0
30567.0 31011.0
30550.0 31024.0
30540.0 31029.0
30545.0 31027.0
